
% taken @ 240
damped_amp =[0.54,0.5,1,0.57,0.23, 0.5, 0.55, 0.6, 0.3,0.6, ];
damped_per =[28.6,23,28,26,11.5,25, 19, 26, 27, 20,  ];